1 7 6 104 21
2 118 9 15 15
3 347 6 104 21
4 458 7 15 25
5 14 36 25 22
6 43 37 25 22
7 72 38 25 22
8 101 39 25 22
9 130 38 25 22
10 159 37 25 22
11 194 41 27 20
12 354 36 25 22
13 383 37 25 22
14 412 38 25 22
15 441 39 25 22
16 470 38 25 22
17 499 37 25 22
18 534 41 27 20
19 20 81 12 4
20 49 81 12 4
21 78 81 12 4
22 107 81 12 4
23 136 81 12 4
24 165 81 12 4
25 201 81 12 4
26 360 81 12 4
27 389 81 12 4
28 418 81 12 4
29 447 81 12 4
30 476 81 12 4
31 505 81 12 4
32 541 81 12 4
33 14 95 25 22
34 43 98 29 18
35 76 95 25 22
36 105 92 20 26
37 128 95 23 22
38 155 96 28 20
39 354 95 25 22
40 383 98 29 18
41 416 95 25 22
42 445 92 20 26
43 468 95 23 22
44 495 96 28 20
45 20 140 12 4
46 51 140 12 4
47 82 140 12 4
48 108 140 12 4
49 133 140 12 4
50 162 140 12 4
51 360 140 12 4
52 391 140 12 4
53 422 140 12 4
54 448 140 12 4
55 473 140 12 4
56 502 140 12 4
57 14 154 25 22
58 42 154 25 22
59 70 154 25 22
60 99 154 25 22
61 128 154 25 22
62 159 152 1 20
63 167 154 25 22
64 195 154 25 22
65 224 154 24 22
66 252 154 25 22
67 281 154 25 22
68 353 154 25 22
69 381 154 25 22
70 409 154 25 22
71 438 154 25 22
72 467 154 25 22
73 498 152 1 20
74 506 154 25 22
75 534 154 25 22
76 563 154 24 22
77 591 154 25 22
78 620 154 25 22
79 20 199 12 4
80 48 199 12 4
81 76 199 12 4
82 105 199 12 4
83 134 199 12 4
84 173 199 12 4
85 201 199 12 4
86 229 199 12 4
87 258 199 12 4
88 287 199 12 4
89 359 199 12 4
90 387 199 12 4
91 415 199 12 4
92 444 199 12 4
93 473 199 12 4
94 512 199 12 4
95 540 199 12 4
96 568 199 12 4
97 597 199 12 4
98 626 199 12 4
99 14 214 26 22
100 45 214 26 22
101 76 214 26 22
102 108 214 26 22
103 143 218 27 20
104 353 214 26 22
105 384 214 26 22
106 415 214 26 22
107 447 214 26 22
108 482 218 27 20
109 517 215 1 20
110 529 214 24 22
111 21 244 12 4
112 52 244 12 4
113 83 244 12 4
114 115 244 12 4
115 151 244 12 4
116 360 244 12 4
117 391 244 12 4
118 422 244 12 4
119 454 244 12 4
120 490 244 12 4
121 536 244 12 4
122 14 257 25 22
123 45 257 25 22
124 75 257 25 22
125 105 257 26 22
126 138 257 26 26
127 171 257 1 20
128 178 257 26 22
129 209 257 26 22
130 240 257 25 22
131 270 257 25 22
132 300 257 25 22
133 353 257 25 22
134 384 257 25 22
135 414 257 25 22
136 444 257 26 22
137 477 257 26 26
138 510 257 1 20
139 517 257 26 22
140 548 257 26 22
141 579 257 25 22
142 609 257 25 22
143 639 257 25 22
144 20 293 12 4
145 51 293 12 4
146 81 293 12 4
147 112 293 12 4
148 145 293 12 4
149 185 293 12 4
150 216 293 12 4
151 247 293 12 4
152 277 293 12 4
153 307 293 12 4
154 359 293 12 4
155 390 293 12 4
156 420 293 12 4
157 451 293 12 4
158 484 293 12 4
159 524 293 12 4
160 555 293 12 4
161 586 293 12 4
162 616 293 12 4
163 646 293 12 4
164 7 310 104 21
165 119 310 26 22
166 151 314 15 15
167 184 312 26 20
168 214 312 26 21
169 244 312 26 22
170 275 312 20 20
171 303 312 20 20
172 347 310 104 21
173 459 310 26 22
174 491 309 15 25
175 523 312 26 20
176 553 312 26 21
177 583 312 26 22
178 614 312 20 20
179 642 312 20 20
180 18 344 151 60
181 184 368 26 20
182 185 340 23 20
183 214 340 23 20
184 214 368 26 21
185 237 398 9 5
186 244 368 26 22
187 244 340 23 21
188 250 397 11 7
189 265 396 13 9
190 274 340 22 20
191 275 368 20 20
192 301 340 22 20
193 302 368 20 20
194 347 343 104 21
195 347 376 104 21
196 459 343 26 22
197 459 376 26 22
198 491 342 15 25
199 491 375 15 25
200 523 368 26 20
201 524 340 23 20
202 553 340 23 20
203 553 368 26 21
204 576 398 9 5
205 583 368 26 22
206 583 340 23 21
207 589 397 11 7
208 604 396 13 9
209 613 340 22 20
210 614 368 20 20
211 640 340 22 20
212 641 368 20 20
213 85 422 494 45
