1 24 24 36 8
2 61 24 4 8
3 21 44 53 49
4 79 45 54 48
5 139 45 54 48
6 197 44 53 49
7 294 38 43 8
8 294 49 53 48
9 338 38 4 8
10 352 60 55 37
11 411 62 57 35
12 471 61 58 36
13 532 61 58 36
14 594 62 57 35
15 654 49 53 48
16 23 108 48 8
17 72 108 4 8
18 23 118 21 7
19 20 137 51 49
20 77 135 51 51
21 134 137 52 49
22 192 138 52 48
23 250 136 52 50
24 309 136 51 50
25 367 137 48 49
26 423 139 50 47
27 515 139 53 49
28 570 137 48 51
29 624 138 48 50
30 678 137 48 51
31 23 202 16 7
32 18 219 57 48
33 78 224 58 44
34 141 228 62 40
35 207 230 63 38
36 275 227 63 41
37 342 228 62 40
38 408 229 63 39
39 475 227 63 41
40 544 230 63 38
41 611 231 64 37
42 677 224 58 44
43 759 224 55 44
44 822 222 51 45
45 879 225 56 43
46 939 229 63 39
47 21 279 30 8
48 52 279 4 8 
49 24 371 50 8
50 75 371 4 8
51 20 310 53 49
52 73 316 52 43
53 132 299 54 54
54 191 297 55 58
55 251 296 55 58
56 312 299 57 53
57 373 302 53 50
58 433 302 53 50
59 493 320 51 39
60 546 316 52 43
61 600 310 53 49
62 694 302 55 58
63 754 313 45 46
64 807 310 42 51
65 856 312 46 47
66 907 304 49 57
67 962 304 51 51
68 1062 333 39 46
69 1108 321 50 58
70 1165 321 55 58
71 1254 319 5 2
72 18 389 51 51
73 75 388 44 52
74 125 390 55 50
75 185 395 65 45
76 257 400 56 40
77 319 396 59 44
78 384 395 50 45
79 445 394 51 46
80 504 391 58 49
81 645 403 51 37
82 701 403 51 37
83 757 401 49 39
84 814 394 52 46
85 24 460 3 11
86 27 461 7 8
87 35 463 5 6
88 42 463 3 6
89 47 461 1 1
90 47 463 1 6
91 50 463 6 6
92 57 460 1 9
93 59 460 3 11
94 224 512 1 1
95 20 482 51 52
96 77 487 46 47
97 130 491 38 36
98 176 490 42 37
99 227 490 52 37
100 286 491 57 37
101 349 490 54 37
102 411 490 58 37
103 473 490 57 37
104 538 491 50 37
105 595 491 51 37
106 653 492 56 39
107 712 487 55 45
108 774 484 54 49
109 23 547 29 8
110 52 547 6 8
111 59 547 34 8
112 97 547 37 8
113 135 547 4 8
114 23 568 53 55
115 80 571 48 52
116 132 568 52 55
117 190 568 48 55
118 245 574 67 49
119 317 579 57 44
120 380 577 58 46
121 445 575 60 48
122 510 574 56 49
123 31 637 10 11
124 42 638 1 1
125 42 640 1 6
126 46 637 1 9
127 48 638 3 8
128 52 637 3 11
129 24 658 43 53
130 71 659 49 52
131 123 658 41 53
132 171 666 79 45
133 255 666 61 45
134 316 677 11 11
135 316 705 1 1
136 317 706 5 5
137 318 704 1 1
138 318 687 1 1
139 320 690 3 13
140 324 702 7 7
141 324 694 1 1
142 327 690 13 7
143 347 666 56 45
144 402 677 1 1
145 404 675 1 1
146 409 708 1 1
147 410 681 1 1
148 411 701 1 1
149 411 689 1 1
150 413 698 1 1
151 413 680 1 1
152 414 694 1 1
153 414 682 1 1
154 415 679 1 1
155 416 681 1 1
156 417 705 1 1
157 417 676 2 2
158 419 707 1 1
159 421 693 1 1
160 424 692 1 1
161 428 691 1 1
162 435 666 50 45
163 490 663 51 48
164 588 671 62 40
165 654 675 52 36
166 712 673 57 38
167 774 668 78 41
168 855 669 71 41
169 929 692 73 19
170 1005 680 59 31
171 1068 675 58 36
172 1132 663 53 48
173 31 726 3 11
174 34 727 7 8
175 42 729 5 6
176 49 729 3 6
177 54 727 1 1
178 54 729 1 6
179 57 729 6 6
180 64 726 1 9
181 66 726 3 11
182 24 753 51 53
183 81 751 73 58
184 161 751 63 57
185 231 746 72 61
186 309 759 69 55
187 360 751 8 8
188 387 760 51 50
189 417 810 6 2
190 426 809 4 2
191 432 810 1 1
192 437 792 1 3
193 439 752 2 2
194 439 805 1 2
195 440 756 1 1
196 441 805 2 2
197 443 756 3 3
198 443 803 1 1
199 445 800 1 2
200 453 770 2 3
201 454 774 2 4
202 462 760 51 50
203 519 758 43 48
204 568 755 48 50
205 21 978 54 44
206 22 841 55 58
207 26 927 15 8
208 45 927 8 8
209 57 927 8 8
210 66 927 4 8
211 81 982 53 40
212 83 838 48 60
213 138 840 53 60
214 141 988 52 34
215 197 842 52 57
216 203 944 44 78
217 253 954 50 49
218 255 829 98 79
219 309 957 49 46
220 356 843 95 67
221 363 969 54 52
222 386 832 17 21
223 411 829 17 16
224 422 980 54 42
225 456 843 95 54
226 482 982 55 40
227 486 902 6 6
228 487 900 1 2
229 487 896 1 1
230 491 832 7 14
231 494 900 1 1
232 496 897 1 1
233 500 842 1 1
234 503 896 2 3
235 504 899 8 11
236 511 897 2 1
237 513 842 1 1
238 514 899 1 1
239 515 839 1 1
240 516 901 2 1
241 517 899 1 1
242 520 835 1 1
243 521 899 1 1
244 523 829 3 4
245 523 898 8 12
246 526 836 1 1
247 527 842 1 1
248 543 978 54 44
249 557 843 61 54
250 629 854 45 50
251 684 856 42 53
252 735 855 47 46
253 788 838 48 59
254 845 846 50 49
255 1488 904 52 49
256 1543 904 49 49
257 1603 910 65 43
258 1674 905 65 48
259 1724 969 46 48
260 1745 831 43 53
261 1746 899 63 54
262 1775 969 47 48
263 1792 832 49 52
264 1818 909 85 44
265 1830 966 47 51
266 1844 831 41 53
267 1889 969 48 48
268 1895 842 70 42
269 1909 909 66 44
270 1946 975 45 42
271 1972 842 70 42
272 1984 911 62 42
273 2003 976 45 41
274 2048 840 60 44
275 2051 906 58 47
276 2057 971 52 46
277 22 1075 55 44
278 23 1167 57 46
279 25 1131 3 11
280 25 1039 3 10
281 28 1132 7 8
282 29 1040 6 8
283 36 1134 5 6
284 36 1042 5 7
285 43 1134 3 6
286 45 1040 7 8
287 48 1134 1 6
288 48 1132 1 1
289 51 1134 6 6
290 53 1040 1 1
291 53 1042 1 6
292 57 1039 1 9
293 58 1131 1 9
294 59 1040 3 8
295 60 1131 3 11
296 63 1039 3 10
297 83 1079 57 40
298 84 1172 58 41
299 144 1071 54 48
300 147 1175 59 43
301 205 1057 60 62
302 212 1151 53 59
303 271 1064 68 55
304 272 1159 55 52
305 297 1154 3 2
306 306 1060 1 1
307 309 1153 2 1
308 312 1154 1 1
309 314 1155 1 1
310 317 1157 1 1
311 333 1162 63 50
312 338 1101 1 1
313 339 1093 1 1
314 341 1096 1 4
315 341 1083 1 1
316 342 1086 1 2
317 342 1092 1 2
318 352 1073 58 46
319 357 1071 1 1
320 361 1068 1 1
321 372 1062 1 1
322 376 1060 1 1
323 379 1059 1 1
324 383 1071 2 1
325 391 1071 1 1
326 403 1161 49 50
327 405 1066 1 1
328 411 1071 1 1
329 411 1085 1 1
330 412 1107 1 1
331 414 1100 1 1
332 415 1077 1 1
333 419 1085 1 1
334 420 1091 1 1
335 427 1074 56 45
336 460 1163 59 47
337 489 1072 51 47
338 524 1163 57 47
339 545 1068 55 51
340 1404 1109 51 45
341 1462 1104 58 50
342 1525 1107 58 47
343 1587 1110 59 44
344 1655 1106 54 48
345 1716 1092 60 62
346 1726 1034 52 46
347 1782 1099 68 55
348 1786 1039 45 41
349 1809 1093 19 3
350 1817 1095 1 1
351 1833 1034 48 46
352 1849 1136 1 1
353 1850 1128 1 1
354 1852 1131 1 4
355 1852 1118 1 1
356 1853 1127 1 2
357 1853 1121 1 2
358 1863 1108 58 46
359 1868 1106 1 1
360 1872 1103 1 1
361 1883 1097 1 1
362 1887 1095 1 1
363 1888 1026 47 54
364 1890 1094 1 1
365 1894 1106 2 1
366 1902 1106 1 1
367 1916 1101 1 1
368 1922 1106 1 1
369 1922 1120 1 1
370 1923 1142 1 1
371 1925 1135 1 1
372 1926 1112 1 1
373 1930 1120 1 1
374 1931 1126 1 1
375 1938 1109 56 45
376 1945 1028 47 52
377 2000 1107 51 47
378 2002 1028 47 52
379 2056 1103 55 51
380 2061 1031 50 49
381 25 1226 30 8
382 59 1226 8 8
383 71 1226 8 8
384 80 1226 4 8
385 28 1250 51 45
386 86 1245 58 50
387 149 1248 58 47
388 211 1251 59 44
389 276 1258 60 36
390 343 1257 73 37
391 425 1257 54 37
392 487 1257 75 37
393 569 1257 64 37
394 640 1259 73 35
395 721 1256 54 38
396 783 1257 75 36
397 865 1257 64 38
398 936 1262 60 33
399 1002 1258 56 37
400 1064 1248 53 47
401 25 1306 3 11
402 29 1307 6 8
403 36 1309 5 6
404 42 1309 7 6
405 50 1309 5 6
406 59 1307 7 8
407 67 1307 1 1
408 67 1309 1 6
409 71 1306 1 9
410 73 1307 3 8
411 77 1306 3 11
412 30 1336 51 36
413 87 1334 51 38
414 142 1336 85 36
415 232 1334 69 38
416 307 1332 86 40
417 401 1332 58 40
418 460 1358 3 1
419 460 1366 2 1
420 464 1357 2 1
421 467 1365 2 1
422 477 1335 50 37
423 30 1384 3 11
424 33 1385 7 8
425 41 1387 5 6
426 48 1387 3 6
427 53 1385 1 1
428 53 1387 1 6
429 56 1387 6 6
430 63 1384 1 9
431 65 1384 3 11
432 26 1411 56 53
433 86 1415 48 48
434 144 1424 44 39
435 195 1426 40 37
436 241 1425 53 40
437 302 1425 44 45
438 354 1427 53 41
439 415 1425 44 45
440 468 1424 39 41
441 515 1417 47 48
442 569 1407 52 54
443 625 1410 51 50
444 25 1483 8 8
445 37 1483 37 8
446 75 1483 4 8
447 23 1509 54 53
448 82 1509 57 53
449 145 1508 57 54
450 207 1507 56 55
451 268 1523 66 39
452 339 1525 70 37
453 414 1523 58 39
454 473 1551 1 1
455 475 1550 3 2
456 475 1545 2 2
457 478 1543 1 1
458 479 1549 1 1
459 487 1516 56 46
460 553 1537 15 11
461 583 1536 132 12
462 734 1530 85 22
463 820 1530 85 22
464 923 1507 54 56
465 980 1507 57 56
466 1040 1506 57 57
467 1100 1505 56 58
468 1160 1521 66 41
469 1230 1523 70 39
470 1304 1521 58 41
471 1363 1549 1 1
472 1365 1543 2 2
473 1365 1548 3 2
474 1368 1541 1 1
475 1369 1547 1 1
476 1373 1514 56 50
477 1436 1538 13 5
478 1442 1536 3 1
479 24 1590 52 49
480 79 1590 49 49
481 136 1592 50 47
482 194 1590 54 49
483 256 1592 76 47
484 339 1598 1 1
485 341 1595 67 44
486 357 1592 1 1
487 360 1592 1 1
488 365 1592 2 1
489 369 1593 2 1
490 417 1597 1 1
491 420 1595 65 44
492 438 1592 1 1
493 445 1593 1 1
494 494 1595 65 44
495 564 1597 62 42
496 630 1592 58 47
497 721 1597 70 42
498 798 1597 70 42
499 874 1595 60 44
500 947 1618 11 11
501 960 1621 6 5
502 969 1618 23 9
503 991 1618 13 9
504 1005 1619 2 1
505 1005 1621 2 6
506 1008 1618 17 12
507 1025 1618 4 11
508 1051 1591 29 7
509 1058 1598 65 44
510 1139 1598 89 44
511 1191 1596 1 1
512 22 1669 53 46
513 79 1670 46 45
514 134 1679 38 36
515 180 1678 53 37
516 239 1678 56 37
517 300 1678 54 37
518 359 1678 54 37
519 420 1678 56 37
520 480 1678 53 37
521 539 1677 46 38
522 590 1682 60 33
523 651 1678 56 37
524 712 1669 53 46
525 781 1689 11 11
526 794 1692 6 5
527 803 1690 14 11
528 817 1689 4 11
529 834 1667 51 52
530 890 1672 46 47
531 943 1676 38 36
532 990 1673 42 37
533 1036 1674 53 37
534 1092 1674 56 37
535 1152 1674 54 37
536 1208 1674 54 37
537 1266 1674 56 37
538 1327 1675 53 37
539 1386 1676 42 37
540 1433 1677 42 37
541 20 1758 56 47
542 83 1761 58 44
543 149 1758 56 47
544 211 1759 69 46
545 287 1762 65 43
546 357 1756 53 49
547 443 1762 65 43
548 514 1757 65 48
549 586 1751 63 54
550 658 1761 85 44
551 748 1761 66 44
552 824 1762 59 43
553 888 1759 55 46
554 947 1756 53 49
555 1005 1753 55 52
556 1065 1751 57 54
557 1127 1749 57 56
558 1190 1753 61 52
559 1211 1753 1 1
560 1220 1749 1 1
561 1225 1749 3 1
562 1232 1750 1 1
563 1236 1751 2 1
564 1256 1760 63 45
565 1324 1761 60 44
566 1390 1756 54 49
567 1459 1778 11 11
568 1472 1781 6 5
569 1481 1779 28 8
570 1509 1778 4 11
571 1532 1755 29 7
572 1538 1768 65 43
573 1629 1753 70 56
574 25 1833 44 8
575 70 1833 4 8
576 24 1857 54 57
577 84 1856 64 58
578 156 1883 59 31
579 219 1881 60 33
580 285 1877 56 37
581 347 1867 53 47
582 23 1930 36 8
583 63 1930 37 8
584 104 1930 4 8
585 513 1932 41 8
586 555 1932 4 8
587 21 1956 57 38
588 85 1957 42 37
589 128 1984 1 1
590 129 1986 2 2
591 139 1957 39 37
592 185 1957 45 37
593 238 1957 54 37
594 294 1959 58 35
595 357 1959 56 35
596 420 1948 54 46
597 509 1947 58 47
598 571 1949 54 45
599 631 1949 51 45
600 687 1950 55 44
601 747 1946 51 48
602 823 1952 56 47
603 886 1955 58 44
604 952 1952 56 47
605 1012 1956 59 43
606 1076 1953 55 46
607 1135 1950 53 49
608 25 2065 29 8
609 55 2065 4 8
610 229 2001 23 11
611 253 2002 2 1
612 253 2004 2 6
613 256 2001 16 12
614 693 2014 55 58
615 825 2009 57 53
616 888 2012 49 49
617 942 2007 46 55
618 995 2008 46 54
619 1050 2008 48 54
620 1103 2009 55 52
621 22 2082 56 47
622 85 2085 58 44
623 151 2082 56 47
624 213 2083 69 46
625 289 2086 65 43
626 359 2080 53 49
627 23 2155 65 43
628 94 2150 65 48
629 164 2146 55 52
630 224 2144 57 54
631 286 2142 57 56
632 349 2146 61 52
633 370 2146 1 1
634 379 2142 1 1
635 384 2142 3 1
636 391 2143 1 1
637 395 2144 2 1
638 415 2153 63 45
639 483 2154 60 44
640 549 2144 57 54
641 611 2142 57 56
642 22 2213 34 8
643 57 2213 4 8
644 18 2248 81 38
645 104 2248 81 38
646 189 2248 81 38
647 274 2248 81 38
648 359 2249 81 37
649 443 2248 80 38
650 527 2246 67 40
651 601 2241 59 44
652 667 2234 54 52
653 727 2230 53 56
654 786 2229 53 57
655 846 2244 53 42
656 906 2242 53 44
657 965 2238 53 48
658 22 2311 36 8
659 59 2311 4 8
660 24 2335 46 48
661 75 2335 47 48
662 130 2332 47 51
663 189 2335 48 48
664 246 2341 45 42
665 303 2342 45 41
666 350 2337 48 46
667 405 2329 47 54
668 462 2331 47 52
669 519 2331 47 52
670 578 2334 50 49
671 18 2398 52 50
672 76 2397 53 51
673 133 2397 53 51
674 192 2401 55 47
675 254 2400 55 48
676 313 2400 55 48
677 373 2399 55 49
678 433 2399 55 49
679 492 2399 55 49
680 552 2400 55 48
681 614 2400 54 48
682 672 2399 54 49
683 730 2398 54 50
684 788 2399 54 49
685 848 2400 54 48
686 907 2400 53 48
687 964 2400 54 48
688 26 2463 21 8
689 48 2463 4 8
690 22 2487 52 50
691 80 2486 53 51
692 137 2486 53 51
693 196 2490 55 47
694 258 2489 55 48
695 351 2501 81 38
696 359 2486 29 8
697 389 2486 4 8
698 26 2556 34 8
699 64 2556 37 8
700 102 2556 4 8
701 114 2556 21 9
702 137 2556 16 9
703 155 2556 35 7
704 19 2573 72 63
705 19 2649 68 59
706 101 2648 69 60
707 102 2574 71 62
708 183 2647 70 61
709 186 2575 70 61
710 265 2646 72 62
711 270 2576 69 60
712 350 2664 85 22
713 436 2664 85 22
714 1595 2704 53 49
715 1653 2704 53 49
716 1713 2704 53 49
717 1771 2704 53 49
718 1829 2704 53 49
719 1852 2634 111 49
720 1889 2704 53 49
721 1947 2704 53 49
722 2005 2704 53 49
723 2010 2637 56 47
724 2076 2643 34 32
