1 1 2 16 16
2 18 2 16 16
3 39 2 16 17
4 56 1 16 19
5 78 2 14 9
6 98 10 16 8
7 119 10 16 23
8 136 9 16 24
9 157 17 16 16
10 174 17 16 16
11 195 10 16 23
12 212 9 16 24
13 233 17 16 16
14 254 2 16 16
15 271 2 16 16
16 292 2 16 17
17 309 1 16 19
18 330 2 16 14
19 351 11 16 7
20 373 22 28 10
21 406 21 22 11
22 439 19 20 13
23 460 30 1 1
24 472 18 16 14
25 505 19 16 13
26 546 6 22 22
27 577 7 25 23
28 610 8 21 21
29 627 7 8 8
30 644 16 4 4
31 646 8 6 6
32 652 15 8 7
33 654 23 9 6
34 660 7 6 7
35 679 17 1 1
36 680 8 5 5
37 686 16 5 5
38 687 24 8 4
39 694 8 5 5
40 712 16 1 1
41 715 9 2 2
42 720 17 3 3
43 721 26 1 1
44 726 25 1 1
45 728 9 2 2
46 1 43 16 23
47 18 42 16 24
48 39 52 16 14
49 56 51 16 15
50 77 52 16 14
51 94 52 16 14
52 111 52 16 14
53 128 52 16 14
54 149 43 16 23
55 166 42 16 24
56 187 52 16 14
57 204 51 16 15
58 225 52 16 14
59 242 52 16 14
60 259 52 16 14
61 276 52 16 14
62 301 43 16 23
63 326 42 7 11
64 327 51 15 15
65 355 46 16 20
66 380 48 16 18
67 408 50 19 16
68 433 58 21 8
69 463 51 16 15
70 488 51 16 15
71 513 51 16 15
72 538 51 16 15
73 568 50 7 16
74 582 52 12 13
75 598 54 14 9
76 620 37 27 27
77 653 37 27 27
78 693 39 22 22
79 726 39 22 22
80 1 68 16 15
81 18 67 16 16
82 39 68 16 15
83 60 68 16 15
84 77 68 16 15
85 94 68 16 15
86 111 68 16 15
87 132 69 16 14
88 149 69 16 14
89 166 69 16 14
90 183 69 16 14
91 204 68 16 15
92 221 67 16 16
93 242 68 16 15
94 263 68 16 15
95 280 68 16 15
96 297 68 16 15
97 314 68 16 15
98 335 69 16 14
99 352 69 16 14
100 369 69 16 14
101 386 69 16 14
102 407 68 16 15
103 424 67 16 16
104 445 67 16 15
105 466 68 16 15
106 483 67 16 16
107 504 67 16 15
108 525 68 16 15
109 542 67 16 16
110 563 67 16 15
111 585 68 15 15
112 602 68 15 15
113 619 68 15 15
114 636 68 15 15
115 657 69 15 14
116 674 69 15 14
117 691 69 15 14
118 708 69 15 14
119 733 74 7 9
120 750 67 14 16
121 767 67 14 16
122 1 89 16 23
123 18 88 16 24
124 46 88 17 24
125 80 89 16 23
126 115 89 18 23
127 149 89 17 23
128 179 97 16 15
129 197 96 14 16
130 217 97 16 15
131 235 96 14 16
132 255 92 16 24
133 272 92 16 24
134 294 92 15 24
135 311 92 15 24
136 331 84 24 32
137 356 84 24 32
138 386 84 23 32
139 410 84 24 32
140 443 84 9 16
141 460 84 24 32
142 489 84 24 32
143 514 84 24 32
144 544 84 23 32
145 568 84 23 32
146 613 89 15 27
147 642 90 24 26
148 675 89 24 27
149 705 100 7 7
150 705 108 7 7
151 712 103 8 8
152 722 100 7 7
153 722 108 7 7
154 729 103 8 8
155 739 100 7 7
156 739 108 7 7
157 746 103 8 8
158 1 118 16 15
159 18 117 16 16
160 39 118 16 15
161 56 118 16 15
162 77 119 16 14
163 98 118 16 15
164 115 117 16 16
165 136 118 16 15
166 153 118 16 15
167 174 119 16 14
168 195 118 16 14
169 213 117 15 16
170 237 121 8 8
171 254 117 16 16
172 275 118 16 14
173 293 117 15 16
174 317 121 8 8
175 334 117 16 16
176 356 117 14 16
177 376 117 16 16
178 393 117 15 16
179 414 117 16 16
180 431 117 15 16
181 452 117 16 24
182 469 120 16 17
183 490 117 16 24
184 507 118 16 17
185 533 122 7 11
186 550 123 7 9
187 570 119 23 12
188 603 119 22 12
189 640 118 23 14
190 673 119 22 12
191 708 118 11 14
192 726 119 3 11
193 730 121 2 9
194 732 121 3 7
195 745 120 5 11
196 1 142 16 16
197 22 142 16 16
198 39 143 16 15
199 60 142 16 20
200 81 142 16 18
201 102 142 16 20
202 119 142 16 20
203 140 151 16 16
204 141 142 14 8
205 157 151 16 16
206 158 142 14 8
207 184 145 4 10
208 199 147 9 7
209 216 148 9 4
210 233 147 9 7
211 252 142 13 18
212 273 150 13 14
213 293 143 14 17
214 310 142 14 18
215 336 150 20 16
216 367 149 16 23
217 389 158 15 16
218 410 159 15 15
219 426 160 16 14
220 447 159 16 14
221 468 159 16 14
222 490 159 15 15
223 511 159 15 15
224 527 160 16 14
225 548 159 16 15
226 569 142 16 15
227 578 170 14 4
228 590 142 16 15
229 611 167 14 7
230 643 163 17 11
231 676 160 17 14
232 713 161 17 13
233 750 161 17 13
234 9 191 32 32
235 58 191 32 32
236 111 191 32 32
237 164 191 32 32
238 213 191 32 32
239 258 195 24 8
240 283 195 24 8
241 315 201 22 22
242 348 201 22 22
243 385 201 22 22
244 418 201 22 22
245 455 201 22 22
246 488 201 22 22
247 522 207 16 16
248 539 207 16 16
249 556 207 16 16
250 573 207 16 16
251 1 232 32 24
252 38 234 24 22
253 69 232 28 24
254 106 230 28 26
255 139 230 28 26
256 172 230 28 26
257 205 230 28 26
258 238 230 28 26
259 271 230 28 26
260 308 232 28 24
261 343 234 24 22
262 372 232 32 24
263 411 235 28 21
264 444 232 28 24
265 482 240 27 16
266 514 240 27 16
267 1 265 32 24
268 34 267 32 22
269 68 265 30 24
270 105 263 30 26
271 139 263 28 26
272 177 263 19 26
273 204 263 30 26
274 238 263 28 26
275 275 263 19 26
276 307 265 30 24
277 343 267 24 22
278 372 265 32 24
279 479 271 32 18
280 512 271 32 18
281 1 290 32 32
282 34 290 32 32
283 67 290 32 32
284 100 290 32 32
285 137 290 32 32
286 170 290 32 32
287 203 290 32 32
288 236 290 32 32
289 273 290 32 32
290 306 290 32 32
291 339 290 32 32
292 372 290 32 32
293 409 290 32 32
294 442 290 32 32
295 475 290 32 32
296 508 290 32 32
297 545 290 32 32
298 578 290 32 32
299 611 290 32 32
300 644 290 32 32
301 1 323 32 32
302 34 323 32 32
303 67 323 32 32
304 100 323 32 32
305 137 323 32 32
306 170 323 32 32
307 203 323 32 32
308 236 323 32 32
309 273 323 32 32
310 306 323 32 32
311 339 323 32 32
312 372 323 32 32
313 409 323 32 32
314 442 323 32 32
315 475 323 32 32
316 508 323 32 32
317 545 323 32 32
318 578 323 32 32
319 611 323 32 32
320 644 323 32 32
321 1 357 16 14
322 1 373 16 32
323 1 406 16 16
324 3 433 29 22
325 22 357 16 14
326 22 373 16 32
327 22 406 16 16
328 36 434 28 21
329 43 357 16 14
330 43 373 16 32
331 43 406 16 16
332 65 373 14 14
333 66 358 12 12
334 67 394 10 12
335 73 433 29 22
336 86 373 14 14
337 87 358 12 12
338 88 394 10 12
339 106 373 16 14
340 106 433 28 22
341 108 358 12 12
342 109 394 10 12
343 127 356 64 64
344 147 431 15 24
345 179 433 26 19
346 196 356 64 64
347 217 433 28 22
348 249 436 29 19
349 265 356 64 64
350 282 439 29 16
351 323 431 20 19
352 330 356 15 16
353 338 382 16 17
354 347 356 15 16
355 354 442 11 10
356 370 356 14 16
357 370 445 12 6
358 371 383 16 16
359 386 358 15 14
360 389 444 8 7
361 404 356 14 16
362 408 381 16 18
363 419 356 15 16
364 436 356 16 16
365 441 383 16 16
366 453 356 8 7
367 455 367 3 4
368 462 356 16 16
369 466 374 8 8
370 466 383 8 8
371 476 375 6 6
372 476 384 6 6
373 479 356 8 7
374 481 367 3 4
375 488 356 16 16
376 505 356 8 8
377 506 366 6 6
378 604 439 64 14
379 606 414 20 21
380 3 466 29 22
381 36 467 28 21
382 73 466 29 22
383 106 466 28 22
384 147 464 15 24
385 179 466 26 22
386 217 466 28 22
387 249 469 29 19
388 282 472 29 16
389 323 464 20 19
390 354 475 11 10
391 370 478 12 6
392 389 477 8 7
393 408 466 29 22
394 441 469 29 19
395 477 467 26 21
396 510 467 26 21
397 543 467 26 21
398 576 467 26 21
399 604 457 64 12
400 604 473 64 14
401 3 499 29 22
402 36 500 28 21
403 73 499 29 22
404 106 499 28 22
405 147 497 15 24
406 179 499 26 22
407 217 499 28 22
408 249 502 29 19
409 282 505 29 16
410 323 497 20 19
411 354 508 11 10
412 370 511 12 6
413 389 510 8 7
414 408 499 29 22
415 441 502 29 19
416 477 500 26 21
417 510 500 26 21
418 543 500 26 21
419 576 500 26 21
420 609 500 26 21
421 641 506 16 14
422 658 506 16 14
423 6 530 31 32
424 47 530 31 32
425 88 530 31 32
426 140 530 24 32
427 181 530 24 32
428 222 530 25 32
429 260 530 31 32
430 301 530 31 32
431 342 530 31 32
432 394 530 24 32
433 435 546 16 16
434 468 546 16 16
435 501 546 16 16
436 534 546 16 16
437 563 551 16 7
438 583 546 10 16
439 6 573 31 30
440 47 573 31 30
441 88 573 31 30
442 140 572 24 31
443 181 572 24 31
444 222 572 24 31
445 260 573 31 30
446 301 573 31 30
447 342 573 31 30
448 394 573 24 30
449 435 587 16 16
450 468 587 16 16
451 501 587 16 16
452 534 587 16 16
453 563 592 16 7
454 583 587 10 16
455 6 613 30 31
456 47 613 30 31
457 88 613 30 31
458 141 613 22 31
459 182 613 22 31
460 223 613 22 31
461 260 613 30 31
462 301 613 30 31
463 342 613 30 31
464 395 613 22 31
465 435 628 16 16
466 468 628 16 16
467 501 628 16 16
468 534 628 16 16
469 563 633 16 7
470 587 623 18 18
471 6 654 33 31
472 47 654 33 31
473 88 654 33 31
474 394 654 26 31
475 432 665 22 20
476 465 665 22 20
477 498 665 22 20
478 530 665 24 20
479 563 674 16 7
480 583 669 10 16
481 13 695 26 31
482 54 695 26 31
483 95 695 26 31
484 136 695 26 31
485 177 695 26 31
486 218 695 26 31
487 256 695 33 31
488 297 695 33 31
489 338 695 33 31
490 379 695 33 31
491 420 695 33 31
492 461 695 33 31
493 3 735 37 32
494 44 735 37 32
495 85 735 37 32
496 138 731 29 36
497 179 731 29 36
498 220 731 29 36
499 257 735 37 32
500 298 735 37 32
501 339 735 37 32
502 392 735 29 32
503 432 747 22 20
504 465 747 22 20
505 498 747 22 20
506 530 747 24 20
507 563 756 16 7
508 583 751 10 16
509 601 752 16 14
510 616 765 1 1
511 618 752 16 14
512 631 765 2 1
513 633 752 1 1
514 3 768 36 40
515 44 768 36 40
516 85 768 36 40
517 133 781 32 27
518 174 781 32 27
519 215 781 32 27
520 3 819 37 30
521 44 819 37 30
522 85 819 37 30
523 138 813 29 36
524 179 813 29 36
525 220 813 29 36
526 257 819 37 30
527 298 819 37 30
528 339 819 37 30
529 392 819 29 30
530 432 829 22 20
531 465 829 22 20
532 498 829 22 20
533 530 829 24 20
534 563 838 16 7
535 583 833 10 16
536 5 873 24 17
537 39 877 22 13
538 73 881 20 9
539 108 888 3 2
540 113 885 6 5
541 121 888 2 2
542 141 881 32 9
543 182 881 32 9
544 228 878 22 12
545 269 878 22 12
546 310 878 22 12
547 356 873 20 17
548 397 868 20 22
549 430 850 36 40
550 474 852 32 38
551 6 900 31 31
552 47 900 31 31
553 88 900 31 31
554 141 900 23 31
555 182 900 23 31
556 223 900 23 31
557 260 900 31 31
558 301 900 31 31
559 342 900 31 31
560 395 900 23 31
561 435 915 16 16
562 468 915 16 16
563 501 915 16 16
564 534 915 16 16
565 563 920 16 7
566 584 915 8 16
567 601 915 8 16
568 618 915 8 16
569 639 911 16 16
570 664 911 16 16
571 689 911 16 16
572 541 932 240 86
